1164 , 1111
1111111111. 1111111111. .

111 111 1111111111 11 11111111

, 11111111 8111111 1111111111 111 111 11111111 (1111111111 11111 111 11111
111 1111111111 1111111111 11111111 1111111111 1111 1111111 1. 111-1111111 §ab
11111111 11111 1111111111111111 111111.

· 111111611111111111 1111111111111111111111 111611111111111
1111111111111 11111111 11111111 11 111 1111111111 (1111111111
61111111111. 1111111111 111111. 1111111111 15111 Θ. 1111111
11111. M· 111. No. 1119. 1. 1111111111 1111111111111 111. 11. 211.
1111111. 11111 11111. 111111. 191. 1111111111. 61. 1111111111 111 ⁰1²·
1111111, Auris. 11. 156. 11111. v11. 311. {Bit 111111 111 1111111111 tert
1111 111 1111111111.

(8111111111 11111111, 1111111111, 111 11111111111111
111111. 11 11111 1111 1111111 111111111111111111 11111111 6111111
1111111111, 11111 1111111111111 1111111 111111111111111111111111
111 11111111111111 111111111111111, 1111111111

1111 1111 111 11 111111111111111111111 111111111111111111,
11 111 111111111111111111111111111 11111111 11 111111 11111111
11111111, 1111111111 111 1111111 1111111111 11111111.

1111 11111, 111 11111111 1111111111 111 11111111111111 111·
111111 11 111111 111 111111 111811 1111111111 11111111 1111111 1111
1111 1111111111 111 1111111111 11111 111 11111111 1111111.

1111 1111111 111 11111 1111111111 1111111 1111 1111 611111
1111111111 111 11 111 11 1111111 111111 111 1111 1111111, 11111111
Ι111 1111111 11111 111 1111111 11111 111 1111111.

1111111111 11 11111 111 111111, 1111111111, 1111111111111
611111, 11 1111111111 1111111111 1111111111 11111.

’ 111 11111, 11111 1111111 (1111111111 111111 111 111 1111111111

“ 1111111 11111 11111111 111111111111 1111111111 11 11111111 11

11111111 11111111.

4 “ 1111111111 11 1111111 111 11111111111111 1111111111111111111

1111111 111 11111111] 1111111 1111 1111 1111111 111111.
11111111 111, 111111 1111111, 111 1111 1111111 111 11111111 11111

111111111111111111111111 11111111 11 111 11111111 1111111 111

1111111111 11111111 111111 111 1111111111111111111111111111111

Μαι-ι*-

‘ 111111111111111. ’

 

