60 1521.
11111111 1. 1111111111. ⁸) 1110001111.

111111111111111111111111.

3111 1111111111111111111 1111111 1. 111 11111111111111 111 1111111111
111 37. 1111111111 11111111 11 11111111111111111 111111111111111111111111

· 1111111. 11 11111111111111111 111111 11111111.

111111 6111111 11111111 111 111111 11111 1111 111111 1111 11111 111 1111
’ 1111 1111111 1111111 11111 1111111111 1111111111 11111111 111
1111111 1111111 111 1111111111 111 111111 1111111111111111111.
11111111111111111111. 1111 11111 11111111111111111111111111111
111 1111 1111111111 1531. «1 C 1111111 1111. 11. C. 1. 111. 1 &vitm
11111. 111 1111. 1111. 1521. 1. 111 1111111 C. 11. 131111 11111111 1111111111
1111 1111111 111111111111 11111 sudo 11 11111 1111111 61111111 1111111111111
11111111111111111 1111111 111111 1111111111 1111111 111 1111111 1111111111.
111111611111111111 111 11111111 1111111 9131111111. 111. 1. 1111 1519. 111
11111311 1111111191 1111111111.1111.’1’1111.111511 Auris.
11.. 15. 1111111111 111 11111111 1111 11111 1111111 111 11111111 111 1111111111
1111111111111111111111. 11111. 111 111111 1111111 111 1111111111 111 ma
1111111111 1111111 11 1111111111 11111 11111111 111 1111111111. 111111111ὤῦ1.
1111. 11111111111111 111111 tot. 111 111111 11111. 1111111111) 111 1111111
1111111111111111111111111111. ' ’

11111 1111111 611111 1111111 su 111111111111). 11111111
111111 (11111 1111 ,11111 111 61111111 vatem 1111
21111 11111111 11111111 611111 111111.

&unet 11111111 11 1111 111111 ῡ111111111111111 1111111111
1111111111, 1111111111 111 1111 &orgen 1111 111, 111111111111
111111 1111811111 11 (11111. 1111 111111 1116111111 in 6111111111
11111111111111111111111111. 1111111111 11111111 11111 1111·
1111 1111 81111111 beo 111 nb 111 1111111 (111111 (1111111 111
1111111 1111111 cummium 1111111 111 11111111111111 1111111
(1111 1111111 1111111111 1111 111111 111111 mich 1111111111111
111111 11111111 1111 111 1111 111 1111111111611111111, 111
1111111111 111111111111 in 111 61111111 1111 1111111111 1111
1111111 11111111 11 111111 11111111 1111 111111 111111. 111 1111
11111 1111111 11111 111111 1111111111 1111111111 111 1111111111
111111 1111 1111111 61111 su 111111. 11111111 1111 1111111111

(11111 ia» 1111111) 111 1111 111111 111111 11111111 11111111111111

*2 111111 1. 1111. 111111.

 

