111 1511.
111 11111 1111111111.

111111 1111111111 11 1111111.

11111111· 111 111 11111111 1111111111 1111111111 1111 1111111111111111
11111 111 11 111 (111111 1111111111 11111111 11111 111 11111111 1111111 11111111,
ξῦᾜζτπὶζᾶξιξαωω 111111 1111111111 1111111 1111111111 1111 1111 11111111

w 6111111 11111111 1111111 11111 111111 1111111111 111111111111111
111111. 1111111111,1111111111111111111111111111111111. 11111
1111111 1111111, 1511 6111111111111111111111111111111111111.11.111 m·
11111. 11 m 11111. 111111. 111. 1111111. 1111. 1111 11111111 111111 111111

’1111111111 1111111111 1111111111111 111111 11111111. ·

111 1111111, 1111111111111,111111111111111 1111111111 su
11111111 1111111111 1111111 6111111 11111 81111111 111 11111111
,ΕΞ-,11111 1111 81111 1111 <nott 11111 111111 1111 11111111 bd·
11111 Besa 11111111.

9111111111111111111 111111 1111 1111111111 111 11111111111111111

1111111111 11111111111-11 111 111111111111111 111111111111111
1111 111111 11111 111111 11111111 111 1111111111111111-111111111
11111, 11111111 1111111111 1111111111111 111111111111111 11, 1111111
1111 ,111111 111, 111 111 11111 1111 11111111 111 11111111111111111
1111 11111111 111111111111111111111111111111111111111 11111
1111Ι 111 111111 111011111111111111111111111 11111111111111111
1111111111 11 11111 1111111 11111111111111 11111 111111 1111111 mi·
111 11111111 11111111 1111111 1111 1111 1111111111111111111111111·
11111111, 111111 11111111 111111111111111111111, 1111 emulus
,111111111111111111111111 11111111111111111111111111.
Ι111111111111111111 111 11111111 11111111 1111· 11111111 11111111 1111
11 111111 11111111 1111111 11111111 111 1111111 111111111111111
11111111 11111 1111111111 eatan 11111 111111 1111111 1111 111111.

.. ;,111111111111111111 11111 1111 11111111 11111 11111111, 111
11 1111111 1111111 11111 111111 111111 1111111 1111 1111111111 1111111
1111111ἓ11111111 11111111 1111111111 111 111 1111111111 1111111111
11111111111111111111 11111111 1111111111111111 11111 1111 111111 W
1111111 1111111 1111 11111 1111 11111111111111111 111111111111111
6111111111, 111 1111111 1111111111, 11111 111111 1111111111 1111111111·
11111 1111111111111111111111111111111 11111111 11111111 111 111

1111111111 11111 11111 1111111 1111111 11111111 11111111 111 11111

 

