1521. 111

111111111. 111. 11 1111 1111111 1111111111 111 1111111
111111 1111111 1111111111 1111111 11111111 1116111111111111
111111 1111 1111111111 11111111 1111 1111 1111111111 111111· 11111 111
11111 1111111111 11111 1111111111. 1111111 111111111111111111
1111111111 11111111 1111 111 11111 111111111111111111111111
111 1111111111111111 1111. 1111111 1111111111. 1. (1.. 111
11111111 11111111, 11111 1111111111111 11111 111 1111) 111
M. 11111.111111111111111 11111111. 11111111111111111111111
1111 111 fi· 11. 1. (1. 11111111 111 111 1111 1111. 1111 1111111111 11111
11111111 1111111111111111 111 1111111111 1111111. 11111111 1111*
1111111111. 111111 11111111 111 11111111. 111 11111 111111 111111
111 1111111111 111 111 11111111 111 1111111 111111 11111111, 1111111
1111111 11111111111111111111 1111111111 11 1111, 1111 1111111,
1111111 111 1111 11111111 111 11111 11111111 1111111 111111, 111
1111111111 111111 111 1111111 1111111111 1111111111 1111. 1111
11111 111 6111111111 1111 111111111111111 11111 111 11111.

111 1111111 11 1111.(1.111111111111111111111111 1- 1. ff. 111
1111111111111 11111 1111111111111 1111111111 11111, 111 11111
11111111 11111 11111 wolf 11111111. 1111 1111111111111111111, ,
111 1111111111111111111 111 1111111111 111, 111 11111 11111111
1111111111 11111111 11111111 111 O· 1. 1· 1. 1111111111 11111
1111111111111 1111111111 111111.

111. 11. 1111111111111111111111111111. 111111 1111111·
1111 11111111 1111 11111111 11111111 11111111 1111111 11. 11111
11111 1111111 111 1111, 111 11111111 111 111111 111111111111111111
1111111111111111 11 11111111 111 111111 1111111111 1111 111.
11111 111 11111 111 11111111 111111. 1111 11111 1111 111 111 &cium
111111111111 11111111111111. 111111 111 1111 1111111111 11111111
1116111111111 11111111 111 1111 13111 1111111111 111111111111111
11111111 1111 111111) 11111 1111 11111 111 1111 (111111 11111 111111
1111111111 1111111. 1111111111 11111 1111111111 11 1111111 111 1111
1111111, 111111111111111. 111 11111111 11111111 111 111111
1111111111 11111 111111 1111 1111111 11 1111 1111111. 1111111111
111111 111, 111 11111 1111111 11 1111111. 111111111111111111,
1111111111 1111111111 11 1111111111. 11111111111111111 111, 11111

Μ.11.11.1111111111111111 1111111111 111111 111111 111 1111111
ω 1111191161111111 111 111111 111 111111 1111 1111 1111111111
111 111111 111111111111111111111111 111111 11111111111111111,
111 111 6111111111 11111111 111 11111 11111111 111- 111 11111

111. 11. 1

 

