1111.Ι sd? ,

11111111 11111 111 11111 111 111 111111111111811111111
111111. 111111111111161111111111111111111111111111
Ε.111111111111111111 1111 1111111111. 11111 1111 1111111

s 1111 111 111111 111111111 111111 11111111 1111 1111111111 11 11111

1 1111111111111111111111111111111111Ε111111111(11111111 ’
19. )1 11111 11111111111111111111111111 111111 111 1111111111 11 ·
11111111 111 1111111111 111111 1111111111 11. 111 (1111 1111 ‘
Ε111111111111111111111111111111. 111 111 11111 111111 11
11111 11 111 111 111 11111 11111111 11111111111111. 111 111111
111111 11 11111 11111 111111 1111 1111111111 1111111111 11111111.
11111 1111111 Ε1111111111111111 1111111 11111 111111. 11111111
1111111 111111111111111 11111111 11 111111111111111131111111111
111111 611111 111 61111111 111 11111111 1111111 1111111 111 111111 ”
11111111 1111 1111 11111111 11111 11111 11111111 1111111.. ’ .

111111111111111111111111111111111 11111111 11111 11111111 '
11111111 1111 1111111 111 11111111 1111 111 111111 11 11111 Ε. 1. Ε
11111111111111111111111111111111111111111111111111111 ’ .
1111111 11111111111111111111111111111111111111111111111 ’
11111111 11111111111111111111111111111111111 111 11111 111111 ’
11111 1111 11111 11111 111111 1111 1111 1111 1111111111 111,Ι ’
11111 11111 1111111111 1111111 1111111 111111 11111 1111 11111111 ·
1111111. 1111 111111111116111111 111111 11111111 1111Ε111111
1111111111111111111111111111111111111111111111111 1111.) ·
1111111111 1111 111 111 1111111111 1111 111111111111111111111111. 111
11111111111111111111(1)1111Ε111111 11 11111 111111 111111
1111111111111111111 1111111 11111111 111 1111 111 11111111 111111
111111. 1111111111 111 1111111 111 11111 1111111 111111 1111 1111 1111
11111111111111111111111111.11111 11111 1111 11111111 111 11111
111111111111111111111111111 1111 11111111 11111111 1111111111
1111111 1111111111 11111Ε11111111111 11111111 1111111111 11111111 =
111 11111 11111111.

11111 11111 1111 11111 11111. 111111 111111111 111 111 11111111
1111 Ε1111111111111. 1111111111 111111 1111 111 11111111 1111
1111111 1111 1111111 11111 1111 1111 11111111111111 1111111 11111111
1111 11 1111111. 11111111111111 111 &tuin 111 111111 1111111

1111111 1111 111111 611111 1111 11111111 111 111 1111 11111111

etam 11111111 1111 111 111111 1111111111 11111111111111111111111 ’ ’
1111 11111111 111111 11111 1111111111 111 1111 Ε11111 1111111111 111111

11111 111111 1111 1111111111 11111111 1111111111 111111 1111. 11111 1111
111111111Ε11111111111111 111111111111111111 111111111111111111 1

’ Χ

 

