666 , 1616.

66 6116111 1111166. 111616616116161666111, sed non vacabat 1111166116
bere. Secutus 61166111 611111 onmia tua praeposita puncta 611111
exhortationibus. Si aliqua spes est moniali meae 6161611611
pro pallio obtinendo, significa, expectat enim paupercula. Ca.
pream 6 Lochau accepi, Aurogallo donata: ¹) sic enim puto,
116661111111 diceretur, 6111 deberet tradi. Tradita vero 661 1111
ipsi. Vale 6661111116 me. sabbatho post (36111616, ΜΒΧ111.

1 Martinus Luther.

66. 1166.
116 311. 111661.

11666166111611116 6111 6166116616 1166116161 1111 16111 6616166666 6116161111
161 6661616116 161 6661111 6661161 1. 166 661 161 1161111616

(111111116111416. 31611521. 11111116111111. 16161. Χ1Μ15.
1161111111161 “’

11666611666111 1666616166611 §mm 36661111 11116611 166 “
1166111111θ661ο6111 1116166161 mammaeam 11111 16611111
11616111 1111611 66666666.

Θ6111611116161161 611616. 1161 16116 16161 1111111611 1161616111
661 6611666111 1111666668111666661 116 1611 111166 6116 61161166
616161 1111166116111616 1166 &boman 1111111166 116166. 1816661 1161161
1661161 61116 16111111 16116111 611 61 166111 6111 6616116611 1111 11111116
66 11111 61111111 6616 11616 61 1111611611 1616111611, 6161161161
111111116611161111111 1616 66161161.

66661166611166616166111111111 16 6111111611 1161611 111 11111
1116111611 1116611116 1611 11166 1111116 61 111 1161111 11111 111111 111111
6666 11116111 161 61116 11111661 1161 61116111 11111611111661616161161611.
1111 11161111 16 161111 166 661611 1161 1116661. 6111 1111611111 111 1611611
611161 611111. -ὗῦ ist (1111161 111ῐῦ6111 Qui accepit gladium, gla.
dio peribit. 11166 111 6161 1111111111 1111 16111111161666616111611111

, 11161111111161 116 11611111 61111111 1616 11616661 116 161111. 611 11616161

11 611116 61111611 donatam.

 

