272 J 2222.

’ 22222222 222222 222 2222222222 222 222222 ·

2. 22222222222222 222222 2 6222222222
2. 62222 22222 5. 222622222222222222226222222222222222
2. 22222222 222222 2. 222222 62222222 22 222 22222 2222.

2222222 2222222 222 222 2222222 2222222 2222 2222222 2222222222 2222
2222222 222 22222222 22222 2222 2222 222 2222222 22222 222 2222222
222 2222 222222 22222222 2222 22 2222222 (2222222. 22).

22222 22 22222 222222 22222 2222222 22222222 2222 222 222222
222222 22222222 22222222 2222 222222 222222 2222222222 222 22222222
2222 22222 22222222 222 22 222222222 2222222 22222 2222 2222222222 222
22222222 222 222 2222 22222 (2222 22222 22222 222 22 2222222 222222
22222 222222 2222222222

5222 22 2222 2222 222 2222222 2222222222 22222 22222222 222 oe·
22222222 222222 222 22222 2222222222 222 2222222222, 222 222 22
2222222222 222 222222 22222222. 22222 22 222 6222222222 222 mnf
2222 2222222222 22222222 222222 2222 222222222222 222 2222222222
22222222. 62222222 2122 22222222 2222222 2222 2222222222 2222222222
2222222222 6222222222 222, 222 222 22222222 6222222222 (22222 0222222

,2222222222 222222 222 22222 22222, 222222 22 2222 22222 222 0222
222222 22222222 2222 22222 2222222222 monuerim.

6222222222 2222 22 22 22222222 222 2222222222 2222222222 2222·
22222222 222 2222222222 22222222 2222 222222 22 222 6222222 2222 2222
222 22222222 2222 222 2222 mit 22222 222222 2222222222 222 222222,
2222222222 2222222222 2222222 2222222222. 22 22 22222222 222
22222222 222222222 (22222. 22). 222 22222222222222222 22222 0122222
222 22222222 222222 &cd 22 222222 22222222 2222222222222 2222 222

22222 2222222222 22222 222222 222 2222222, 2222222 2222 222 2222222
222222 222 222222 22222. Anno 1522.

22222. 222222.

‘’w—n·-

 

