1111. 111 ,

111 1111 1111 1111 11111111111111111 1111111111111111111111111
1111 11111 111 1111111 1111 11111111 111 111111 11111111 11111111 1111111
111 1111111111 11111 111111 11111 11 111 (11111 1111111 1111 1111
1111111 1111 11 11 1111 11111 1111111 111 11111111 111111 11111.
11111111 11111111, 111 11 11111111 1111111111, 111111 1111
1111111 111 11 1111 1111111111111111111 11111111 1111111 111111

1111111 1111111111 6111111111 111 11111111 1111 1111111111 1111111 111 .

1111111111, 1111111111 11111 11111111 1111 11111111111111 11111 2
11111 1111111111111111 11 11 11111111 11111111 11111 1111 1111 1111
11111111 11111 11111 111111 111 1111111111 11111 11111 111111 1111111111
111 111 1111111111111111111111 1111 1111111111 1111111 11 1111.
11111 11 111111 111 111 1111 11111111111111 111111 1111111 1111
11111111 111 1111111111 1111 111 11 111111 111 1111 111 111111 1111
111111 1111111 1111111 1111 111111 1111111111111111111 11111111 111·
1111 111 1111111 111111111111111 111111111111111111111111111111
9111111 111 (1111111 1111111111 11111111111111 111111 1111111111
1111 11111111111111 11111111111 111 11111111 111 11111 1111

1111 1111 1111111111 1111111 1111111 1111 1111 &alt 11111 111111. ,

6111111111 11111 1111111111 11111111111111111 11111111 111 1111111
1111111 11 1111111 111 &be 111111 1111111111 1111111111 111111
1111111111 1111181111 111110111111111 111111 111111 1111111111
1111 1111111 1111111111 11 1111111 111 1111111 11111111 1111111
1111111 1111 1111111 111111.

11111 111 1111111111 11 111111 11111 11111111 111111111111111
1111111 1111111 1111111111111111 11111 111 11 1111111 111111
1111111111 1111111 11 1111111111 111111 11111 111 1111111111
11111 11111111, 1111111111 111111 1111111111 11111 111111 111 1111
111111 11 1111111111 1111111111 11111111111111 1111 11 ,111 11111
111111 1111111 111 11111111 111111 111111 111 11111111 11111111 111·
1111 11 11111 1111111 11111 11111111111111119. 11. 11. 1111111111
11111 1111 1111111 111111 111 1111111111 11111 1111111111) 1111111
111111 11111 1111111111 111 111 111111 11111111 111111 11111111 1111
11111 111111 1111111 1111 1111111111111181111111111111. 1111111
11111 1111111 111 1111 11111 111 1111111 11111111 11111111 1111111111

111 11111111 11111 111 11111 1111111111111 111111111111111111111
'mugitum 1111111111 1111 1111111111 1111161111 11111111111111
11111111 1111111 1111 11111 111111111111. 1111111 111 11111111
1111111 111 11111 1111111111 1111111 11111 11111111 111 11111111 111
1111111 11 1111111 1111111 1111 11111 1111 1111111111, 11111111

111. ΙΙ. 11

 

