6⁵4 1525.

10110 ¹) 1100, 11101 10001011600111) 10111 101 0011016110·
010000 100000 00010100 001001011101000 1110100010 11100000110101000

’ ωο000011000001000101110000 001001100000 00000 1011 110000 8!- ·
00010000 0001010000 1110000001ῢο101000010000 0001 1010 0101 00100010
100110 100 10010100100110 000000 000000 110 11010 0000010000 m
0001110 0001 110100111001101. .

110001 11 101 10100 1101001οι 1011010000 1001001100 0101000
1000100000 1100101100. 11000001 101000 0000101100, 0011111 1
10000 110 110010101006110110000000) 01010110οῶ 10 0000100000 ζ

“ 1000 00110000 11010010 0110 10000100 11, 00010001 10100 M
0001100110100110011011010110011101000011. 0000000000 00110011 ¹2
101000 10000 10100 0100 0001101000 0001 1001111001 00101100
101101 110101011010010 0011110000, 11100100 0011110100, 01111010 3
00001010 0010010011100 11000000 00010000 10 1011000 001010 001
101100 10100000 0010 110 6010111 100 1001011101ιο 00110001
1011011101 01 3010101101..) 11001101010110001011111
11011000 1011010010101100001111100000100100000 0010 00 1101101 J
0010001. 1 000010100010010000 0110010100 0010110010 00111101
1000, 1010010000 100100 1000000 0001 1001010111οι 100 11000000 m 4

10110000101100 1110000001 10 10101111οω0 010 0010 000 im
0001010000 10 00110000 0010 001 00101000 1100000 100 0001100000 0011001
1000 000010 1010000000 101 10 011 110 1000101000 0001000111ςο 000001·
1110000 0011110100 00100 01001 1000101000 10110 1010110010 00000011
10001000 01001110001000 0000110100 10011011 1010000 0010 0011
01110001 1110001. 10 001010 0100 911011 11000010 0000111000 00010010
01 J 00000 010011. 110111 10010100100 001011000110011 0001 01011
1101001

1101 101 10111000 010010111οι 100010010010100111000101111011
1010 10100010 0000010 10110110 101 0010001111] 101 0011110001οι
0010111 0001 mit 110011 00001100 0000000100 0001 100010, a 0010
0000100 1010001000 0001 1110 00 10100 1110101 00010100 00001 110 00000
11101110 01000100 0100010000 101 id> 101100 11100100 00001 00101101
111110 111 10101 1001011 11111100 101 00111101 00001010 10011
110100 1000011 11001 110 111010 01010..

11011000 100000 1101010000 10 00111101 01101110100011110
00001010 11101000 001 00101000001010000 1001110100 00011110.

0001011101 wammam

 

