120 · 1521.

111111 111111 111111 111111 111111111111111111111111111111
mebnmm. '

111 111111 1111 11111 111 11161111111111111111111111111111
1111111111111. 1111111111 111111 11111111 11 111111 11111111111
111 111111 11111111 11111 11111111 1111111 11111111111111111111
111 11111 11111111 (11111111 111111 18111111 11111 111111. 1111111 11111
111 111 (1111 1111 1111111111 11111111 11111111 91111111 11111111 11.
111111 11111 111111 11111111 11111 111111 11111111 111. ’1111111111
1111111 1111 1111 11111111 1111 11111 11111 1111 11111111 111 11111
, 1111ἐ11111111111111111111111 1111 111 1111111111 111 1111111111
. 1111111111 111 11111 1111111111 11111111 1111111111 811111 111
1111111 111111 1111 111111111111111 11111111111111111111 1111·
111111111111111 1111 1111 1111111111 11111 11111111111111 111111 11

11111 1111111 1111111 11111111 611111 1111 111111 1111111. 1111 111·
1111111111 11 1111 1111 1111111 1111111111 111 111 111111 1111 111111
1111111 1111111111 1111111 (11111. 11 111311 1111111111 1111
111111111111111111111111ῗ111111111111111111111111
’11111111111111111111111111111111111111111111111·
1111 111. 51111 1111101111111111111111111111111111111111 11111
11111111111111111.1111611111111111111 1111 111 1111 111 1111
81111 1111 1111111111111111 1111111111 1111 1111111111 1111111111
11111111 1111111 1111111. ',

111 111111 111111 1111111 1111 111111111111111111111.11111
11111111 11111111 11 11111 1111111111 111111 11111 1111 1111111 11111·

1111111111 11 111111 611111 11111 11111 111111 1111111111111
’11111111111111111 11 1111 11111- 11111 111111111111 1111111111
11111111 1111111 111111 111 111 11111111 (1111 11111111 1111. 11111
1111 1111 1111111 1111111 6111111111 1111111111 11111111111111111
11111111111111δ1111111111 111 111 111111 1111111111 111111 11111
-11111111111111 111 11 1111 1111111 11111111111111111111 1111
11111111 1111 1111111 111 1111111111 1111111111 11 1111111 1111111
611111111111111113, 111111111111111111111111 111·
11111111111111111101111111111. 1111111111111111111
1111111 111111 1111111111 1111 ,1111 111111111111116111111 111
1111 11111111 1111111111 111111 11111111 111 111111 111 11111 111 11
111111 11111111 111111 11 11111111 1111 1111111 1111111111.

111111111111111. Qu 111111111111111111111 1111111111 111 11
11111 1111111 111111 1111111 1111111 11111. 61111111 11111 11 111

11181111 11111 1111111111 1111 1111 11111 8111111 111111 1111111 ’
11111 11 1111111111 1111111. 1111 111-1111 11111111 1111111111

 

