1

’Ῑᾷ 1521.

’ -111111111111611111111111111111111111111111111111111 ¹
11111111111111111111111111111111111111111111111,11111111 ·
11111111111111111111111111111,1111111111111111111111111 ³
11111 1111111111. . - ²

Ὁ. 26. 11111111 ist 11 1111111111 1111 11111111 1111 scine .,

’ 11111 1111111 11111111111 1111.

· · 1111111111 1111111111111111111111 1111111 11111111 1111

· 1111111111111111 11 11111111111111111111111 11111111 111111

1111111111111111111111111111111111111111111111151111111

1111111111111111 11111 1111111 1111111 11111 111 1111 11111 111

11111111 11111111 111111 111 11111 1111111111 11111 11161111111111 111
11111 1111111111 111 1111111 111,

11111 11111 11111 1111 (1111 111 (111111111211111111 11 1111111111
11111111 1111 111111 1111111 111 1111111111 1111 11111111
,61111111 11 11111 1111 111 1111111111 1111 1111111 11111111111111
111 111 1111111111. 11111 1111 11111 11 11111 1111111111 111111 11111111
11111111 111 1111111111 111111 1111 1111111111 1111 11111111 111111.

,· 1111111111 1111111111 111 1111111111 1111111111 1111 11111111

’0111111111 1111 1111111 111111 11111111 1111111 1111
11111 1111 1111111111.

1111 111111 111111 111 11111 1111111 1111 1111 1111 1111 1111 1111

11111 111 11111 1111111 11111111 msa 111 1111111 11111 11111 mie 111 1111

’1111111111 1111 [11111111 111111 11111, 1111 11111 61. 1111111

1111111111. 5171 1111111111111111111161111, minu

1111111611111111111. 1111 11111111 1111111111111

11111111 1111111111 1111111111 1111111111 1111111111

, 111111111111111 1111 111111111111 (1111111111 11111·
1111 11111111.

1111111111 13111 111 1111 1111111111 11111 1111111111 11111
“ 11111111 1111 1111111111 11111111 11 1111111111 1111 1111111·
111111 (1111111111 1111111 11111111111.

> 91111 111 1111111 111 1111 111111 1111111111 ,111111111111111
*11111 11111 1111111111 11111 11111111 11111 11 1111111111 111 111 vg.

*m

11 111. eam (1111 11111 111111 1111111111).
2) 11. 1111 111 (1111111111.

 

