, 1523. ' 45³

1111111 6111111111 11111111 111 md 11111 1111 111111 611 6111111111
111111.11111111111111111111 11 111111111111111111111 1111
1111111 111111111111111111. 1111111111111111111111111
1111111111. 1111111111 1 1111151111 111 111111ε1111111111 1111 ’11111 1511.
11 11111111 1111. 1111111 1111. 71. ὅ. 111 7111711111 11111111111115711
1111111 11111 11 11111111 111111111111111Ε11111111 1111111111 31111111
111111 111 111111 11 111 111. 11111. 1116111111. 11111115111111 &onst
11111111111711131111716.1111111131. 1111171111311 111110
11. 7111 zu 111 111111. 11111. 1723. 1117. 11111111611111111 11111 111111
1111. 11111111 1111111111. 1111111111 111 tm 1111 111111 111 11111 111111.

· (5311111111111111 1111111 111111. 111111111 11111 11 111
111 1111 11111 11111 11111 1111111111111 (1111111111111 111111·
1111 11111 1111 1111111 111 1111111111 1111111111 11 11111 1111
11111111111111111111111111111111111111111111111
1111 11111 11111 11111111 1111111. Oa 11111111 111111 1111
111111111111111111111111111111111 1111111111 11111111 11111 <
111111 11111 11 111 1111111111 1111111 1111 1111111111 1111111111
111111 11111 1111111111. 1111 111111 111111171111 111 11111111
111 111 11111111111111111 1111111111111111111 11111111111111
11111 11111111 111 1111111111 (1111 11111 1111111111111111 111 11

111 11111111 11 11111 11111111 11111111111111111111111111111 ”

1111 1111111111111111111111111111111111 11111111 (911911.)
11 11 11111111 61111 11111 1111111111 1111111111111
1111111 11111 11111111117 0111111111111111111111·
1111111111 111 111111111111111111111 1111 111111
1111111111 1111111111111 11111111 1111111111111111
1111111111111 81111111111111111.(11.1.)1111111111
1111111 1111111111 11111 11111111 1111111111111111
111 111111111 1111111. 1111 1111111 11111111111111111111
111111111111 111 1111 111 111111111111111111111 111111111111111
1111111111111111111111 1111111 1111111111, 111 11 1111111
1111111111 1111111. · '

11111 1111111111 1111111111 11111111111111111111 1111111111

1111111111 111 11111 11111111 1111111111111111, 111111111111111 ‘

11111 11111111 1111111 1111111111111111 111 1111 1111111111, 11111
11111111111111111 1111111 1111 111 0111 111 111111111111111 ·
1111111111111111111. m, 111111 111111 111111 111 1111111111
111111 111111111181111111 111 111111111111111 11111 11111
11111 111111 111 111 11111111 111111111111111111111111111111111,

11111111111111111111111111111111111 11 11111 111111 11111111,

 

