152³.  2 777·’··
77777777· Ῐ ’.7777777777

7777777777

777 orbant 7777777777 777 77777777 77777 7777777777 7777777777 7777777
777777 777777 7777777777 777777 777 7777777777

7777. Ῑ. 777. 7777777. 11. 362. 77777. xxn. 577. ml& xxl 59.

fid) 7777777777 7777777 7777777777 77 7777777777. 7777 7777777 ’
7777 777777 777777 7777777777 7777777 7777777 777777 777777 77777·
7777 ¹) 7777777777] 777 77 777 77777777777777 777 777777 777
7777777777 77777777. 777 777 7777 77777777 777777 7777777777 77777
7777 777 77 7777777 777 777777 77 77 7777777 777777 777777 7777777
77 77777 777777. 77777777 7777777777. 77 777 7777 777 77777777,
7777777777 777777 7777777 777 77777777.

7777777777 777 7777 aaa 777777 7777777777777777777777 777777 77777
777777 7777777777 77 7777 777777 7777777777 7777 77777 777777
7777. 7777777777 777 77 77777777 777 7777777 777 777777777777
7777 7777 7777777777. 67777777 77 7777 7777777777 77777 777
77777777 77777 77777777 777 777 7777 7777777777 67777 77 77777
7777777 67777 77 77777 77777777 77 77 777. 777 777 7777777777
777777 7777777777 6777777 77777777 7777. 7777 om 777 77777 7777
mnf 7777777 77777. 7777 77777 7777777 7777 8777777 7777777777 77
mit 777777 (777777 77777 777 &tinen 77777777 77777. 7777777 (hott
77777777. 87 7777777777, 777 6777777777 7777 7777777777 1⁵23.

77777777. ’ N⁰.1>xxxv. ”
777 67777777. ⁴

777 7777 7777777 777 77777777 777 777 77777 7777777777 777777. 7777
7777777777 777 7777777777.

wanhurst-161. 77777ἐὶ11777477175. Φ77777777777777
w.

„- . .

77 ‘malm (77777777.

 

