152⁴. 595

dissentire. Quia 70 primo tuta 007 conscientia Juvenis -1770
christiana, in seeundo vi 77070 est 7770 eodem quod 77077000
medendum 077 ΜιιιΙι. V., 77 7000070777 couscientia 77170, quir-
negant.MDXX1V.

Martinus Ludat-us.¹

70777 7077707. 7701707777.

777077 0777070 77 07777707 7777777770.

07· 7777777 77070 070 727. 7070 07700οι77 777 0777700777 7007076070ωοὸέ7 ’
000 6770770 700 0707077770ιο 07707007707707770777777007770007070. ’ .

0777777 6700707007 77777770 70077777 70777 0707 777777 7077 0700777·
777ιο 777070 770 7070777777 0707707 077777777 00 077 00777777 ιιι·-

77777070 77777077. 00777007777077. 0777770777. 7507. 07770077·

077777 0770770777 77000. 70770 777 77 00777 077 7777707077 60077777 0777 ·
· 7700777077 V 77. 6. 7770. 6077 0007770 77ιο 70777707 777. 77. 077. 77. 375.Ι
Va‘btemzllffiwm Vl. 550. 00070770οι7 00700070 7770. 70 Auris

, 1> 77777770 7777077 ,77770 777070 07770077 70 707700 77 777.Ι
770 7700 77 7770700.

(Vsum 070 777777 007 00777 777700 7777777 07770 077777 07777
7777077 77777007. 00 770 7777777 0770707770 777777 07700077 777
77ιο 77077 7077077707 70 7707777707 00777 77 0770 0007 77707 7770777
077 777 0770 77077077 0707 077 0770 7777 0077777 7707007777 7707777
077 770 777070 07707οι70 00077 77 77077777οι 0777 070777 70777 777770
7777 70 7777077ιο 077Ῡο7777οι7 0777 7777770 07777777 700777 770 707·
700 77770 07777 77777077 77707 07007 77000 000 7707707777 7777777
700 77777707 0777777οι 0777777 0700 7077. 0070 0777 707707 007 0777
0777777 707 070 770 7077 707777 8777 7700οῐ707 7777070 0770 707707
777707 7777 7777 7770777077 7077777077 70777777 77 7707777777 000 707·

7777777777 077 707. 077777 0077077777. 7707 0077 007 7777770 77· ’
70077 077 077777 070770 777777 7770 077 077777 0077 70777 070 60777
7777777077 07007777 770 (0777 007 070 0777777 77 0077 7777777 700
7777770 7707777 077777 770 77777770 007770 7070 77777770 077 77
77077777 770 077777. 777777 77 70 7777777077-07770070707 070 7070.4

077 7ιο 0777 0777 770 7007 077 7077777700777777700 7770777777

 

