101 v 1521.

8111111 111111 11111111 111 111 11111111 1111 1111 1111111111 1111111111
111111 1111111 111 11111111 1111111111 1111111111111111111 111
ν11 111 111 111111111111111 111 111111 111111. ’

111 11111 11111 1111111 1111111111111111111111 111 11111111
81111111 1111, 1111 11111 11111111 111111111 11 1111 11111 1111111
11111 111111111111111111 1111111 111 111 111 11111111 111 1111111
111111111111. 11111 11111111 111 111 1111111111111111111 111,
111111111111111 11111 111111 111111 111111111ῑί1. 11111111 111 111111
111111 111111111111111111111111111 1111111111 11111111111111 &ottae
1111111111111111111 1111111111 11111 1111111 (1111111111 111111
111111 111111 111111 11111111111111 1111 11 11111111 11111111
1111 1111111111. .

‘ 1111111111 11111111 (1111111111, 1111 11111111 1111 111 1111111
(1111111. 1111 11 11111111111111 1111111111 11111
1111111111111111111111111111111111111111.11111111111111
filum 11111111111111 1111111111 11 111 1111111111111111111111111-
1111 1111111111111111111111111111111111 1111 11111 11111111 111
6111111 111 &tunt 1111111111 11111111111111111111111111111
111111 1111111 1111 §bufli 11111111111111111111 1111111111 11111 111·
1111. 1111111111 111111111111111 111111811111111111111111111111
1111111111 1111111111 11111 11111111111111111111111 1111111 111111
111 111111 111 11111 111111 1111 1111 111 1111111111 111111 11111.

11111 1111 111111 1111 ’11 1111111 111 111111 1111 111 11111 111
1111111111111 11111111111111111 11111111 11111111. 11111 111
’111111111111111111111 111 11118111111111 11111111 111) 11111111
111111111111111111111 11111 1111 1111111111 (11111111 111 11111
111111 11111 1111111 111 1111111111 1111111 111111 1111 111111 11·

’ 1111111111 1111111 1111111111111111111 1111 1111111111111111 111
1111111111 611111111111111111 1111 1111111 ’11111111 111111 1111
111 111 1111111 1111111111 11111111 111111111111111111111111111111

« 1111 1111 111111 (1111111 1111111111 11111111111111 1111111111

1111111111 111 1111111.

1111111 1111111 111 1111111 11111, 11 1111111111 11 1111111111 mit
1111 81111111 ,11111111 111 Ἑ1111111111111 11111111 1111,- 1111111
(11111111 1111111111111 111111111111111111 11111111 11111111 bt·
1111111 111 111 1111111111 11 1111111111111111111111111111111111111,
1111111111111111111111111,1111111111 11111. menn 11 111
11111111 1111111 1111111111 1111111 11111 11111111, 1111, 111111
11111 111111 11111111 1111 11111 111111111111111. 1111 11111111
1111111111111111 6111 11111111, 111 1111111 111111 111111

 

