2222 222 1

2121222 222 ¹) 2212 2222 6221222 1222 2222211222 2) 22122222 22 222
9111222122 2122222212 12112 2222222.

11222 2122222222 2212 2222212222 1212 2222 12121221 222 2112 222222
111121222222 1121222 2222 22222222 22222222 212 2222222 2222222 221222
2222221122 22212222 22222 22222222 12 2221222 222 1211221222 921122
222 12222 121111 22221 1211222 2122221122 21222222 221122. ³) 112 2222
112 2222222 2222 22222 222222 22212 1122211122 222 22222 ⁴) 12 12222
2222212 212122 2222212222 22222 222221222 212 222222 2222 2212. 1112
122 222112221212221 221221122222222212112221122 222 2222222 121·
12211222 21222222 2222121222 222112222 22 212 1112222 112212 22111
22122222 2222222. 62122 222212 8212221222 2221 21222221 222112 2. 11.
minorationem 222 222 2212222 2222221. 12. 22 2122222 212 12 2222
2211112. onte 1212 Q. Θ. 121222 22222222121212 12122122 12222. (22·
122 222 1121222222 222 2222222 2222 02122222 1522.

ὗ. o. 91222222
1112211221 1222222. ¹

js. 2222. ι Ι 222, cccxcrr.
’ 1262212212.

2. 2221222 2222 1212222 212112 2222 22212122 2222 2212222222 22222 2211212222 222
222 1222212211 2222111222 222 1222222 cenot 2222222222 2221222 2122222 2222221112222
22221222 2222221122 3221222 2222 22122122222222 21222212211222.

*-

11222 Α222112222 11. 11. 12. Cofflen. 2. ; 1. iio. 92221122 2221112122
. 119.

Optimo Viro, D. Georqio Spoletino, EvanqelistoeDucnli‚
suo in Domino. ⁵)

Salutem. An literas tuas, quarum toties mentionem facie,
receperim, nescio, nec quid scripseris, memini. Affirmat
autem hic qui attulit, esse mihi redditas: Vi'ittembergae dc
hac re videro. Caeterum quid hnc profectione egerim, ex
aliis cognosces vel cognovisti.

2) 111212. ‘s 22. 21 2. w. 2222222222 21211222 2222122222 1212 (11.
31 Me. 2212 222121. 2221122222221222 51112221221222.

 

