1123. :445

111· 11111 [1111111111. es 1111111111 111111 111. 11111111 1111 ⁴

111 11 (1111111) 11111111 1111111 01111. m 1111111 1111111111
11111111 11111111 11111 1111 11 111111 111111 111 11111111 11. 111·
111 1111111111. 111 111111111111111111. 11111 1113.

111111111111111 Q.

m

11. 11111111. 111. Dm.

111 111111111111111111111 11111.

1. 1111 111 111111 11111 111111 11 11 1111111111 11111 1111111111 11111111
1111 1111 1111 11111111 1111111111 11111 1111 1111111111 111111.

„-

’ 11111117.1111111.11.319.11111.ΧΧΠ.111 9311161ΧΜ. - ,

&aab 11111111. 11111111 1111111111111 11111. ,11111 6111111
111 111 1111111111 11111111111111111 11111111111111 1111 flu·
1111111111 1111111111111111 11111111 11111 111 1111611111.
1111111111 11 1111111111 1111111 111-1111811111 (1111111111
1111. 611111 &otta 1111 11111111 1111111111 1111111 11111111
611111 11111111111111 1111111111 11111 11111111 ro 111 11111 1111
111111. 1111 1111 11111 1111111. 111 111 111 1111111 11111111.
11111 1111161111 1111 111 111 11111111 111 11111 11111 11111
11111111. 1111111111111111111111 1111111111 11111111 111 11
11111 11111111 1111111 111111 1111111111 1111111111 1111 1111111111
11111111 111 1111111111 11111 1111 11111 1111 1111111. 111 11111111
11111111111111111 11 111 111 111 11111111 1111111 111111
11111 11 111 11111 11111 11111111.

61111111111111 1111118111111 111111 11111111 1111111 111
111 11111 1111 1111 111111 1111111 1111111 111111111111111. 111
1111 111111111111111111111 111111 1111111. menn 1111 111 11111,
111 1111111 1111 1111, 1111 11 111111111111 (11 1111111111 111.
11111 1111111111 1111111111) 1111111111111111111111111111. 1111111
11111 gns 111 111 111111 &egen 1111) 1111111 111 1111111111 11111·
1111111111111 1111 111111 1111111 11111 11111 1111» 111 111111
111111 11111111 1111 111 11111 111111 1811111, 111111. 811111.
11111111 111111111111111111111 max ¹

. 1111111111 111111.

⁷ ”hu-m

 

