' 111 1111.-

Ι111111111111111111111111 1111 (1111111111 11111 1111111 111111·
11111111 111111111111111111 11111 1111111111 1111111111 111111, 111
111 11111 11111111 411111 111111111 111 11 111111111111 1111 1111· .
11111111 11111 111 1111111111, 1111111111111111111111.

, 11111111111111111111111111 1111 111 1111111111 11111111 111
11111111 1111 1111111111· 111 111 1111111111 111111 11111 11111111
1111) 111 111111. &aaut 111 111111111111111111111 1111111111
111111 1111111111 ,1111 11111111 111111 1111 11111111 111111. 191 13. 19. 311 2
1111111111111 11111111111111111111111111111111111111
11111111111111111111111111111111111111111111.

1111111111 11111111111111111 111 111111111111111111 1111111
111111111111111111 111 111 1111111111111111111111111111111111111,
’ 11111111 1111 1111 1111111 1111 111 1111111111 ,1111111 1111111111 ‘uim'
11111111 111111111111111111 111111 111111 1111111111 11111 1111111 1111
1111111111 111 11111111111111111111111 111 1111111 1111111111
11 11111111 1111111 111111 11111111 11111111 1111111111 1111 111111111
111111 111111111α.11.1.111111111 61111 111 111 11111111,
11111111111111 11111 1111111 1111111111 11111111 1111 ,
1111161111111111111111111111111111111111111111111
11111 (111111111111111 111111111111111111 11. .

111111 1111111111, 11111111111111111 1111111111 1111 111 111 .
1111111111 11111 11111 1111 11111 1111, 1111 11 1111111 1111111 11111 .
1111 11 1111 1111111 11 11111111111111111111111111111, 111 111
1111111111 11111111 (11111 1111111111111111 111 11111111 11111111
1111111111 11-11 1111101111 111 11 111 111 11111111 1111 11 111
1111 fut 111111 1111 11111111 111. 1119. 1111111111 1111 1111
11111111 1111 1111111111111111111111111111111111111111

· 1111111111 1111111.

1111 11 111 11111 11111111 1111111 111111 111 1111111111 11111·
111111 11111111. 111 11111111 1111111111111111611111 1111111 11111111
111111111111111 1111111111 1111111 111 111111 11111 11111111 11111111
111111111111111111111111111 11111 1111 1111 111 1111111 111111,
111 111111 111 11111 111111. 11111 111 1111111111 111 1111111 11. m. 9:
Qu 111 111111111111111111111111111111111 111111
111111 1111111 111 11111111 1111111111 111 1111 111111 11111111
11111111 111 1111 11111111 111 111 111111 11111 1111111111 111111. 'ntem
1111111 111. 111 1111 11111111 11111 11111111111111111111,
111111111111111111111111113 1111111 1111111191. 13. 111· :Du
111111111111111111111111111111111111161111111111111·
11111 11111 11 11111111. 11111111111111 111 11111111 1111

 

